67 1500 1500 1500 128.997952 54.182714
146 1500 1500 1500 134.290500 54.151068
226 1500 1500 1500 134.466187 54.115834
306 1500 1500 1500 133.227106 54.076121
382 1500 1500 1500 133.994386 54.097778
463 1500 1500 1500 134.190240 54.077023
540 1500 1500 1500 130.488530 54.123962
621 1500 1500 1500 133.407699 54.082437
703 1500 1500 1500 134.465487 54.119446
782 1500 1500 1500 134.466187 54.199904
866 1500 1500 1500 134.559224 54.129382
941 1500 1500 1500 134.363011 54.077023
1022 1500 1500 1500 132.660250 54.119446
1100 1500 1500 1500 135.231582 54.182714
1182 1500 1500 1500 132.660250 54.118543
