1624,1521,1300
1623,1523,1300
1621,1525,1300
1619,1526,1300
1617,1528,1300
1615,1529,1300
1613,1530,1300
1611,1531,1300
1608,1532,1300
1606,1532,1300
1603,1532,1300
1601,1533,1300
1598,1533,1300
1596,1532,1300
1593,1532,1300
1590,1531,1300
1588,1531,1300
1585,1530,1300
1582,1529,1300
1580,1527,1300
1577,1526,1300
1574,1524,1300
1572,1523,1300
1569,1521,1300
1567,1519,1300
1564,1517,1300
1562,1515,1300
1560,1513,1300
1558,1510,1300
1556,1508,1300
1554,1505,1300
1552,1503,1300
1551,1500,1300
1549,1498,1300
1548,1495,1300
1547,1492,1300
1546,1490,1300
1546,1487,1300
1545,1484,1300
1545,1482,1300
1545,1479,1300
1545,1477,1300
1545,1474,1300
1545,1472,1300
1546,1470,1300
1547,1468,1300
1548,1466,1300
1549,1464,1300
1550,1462,1300
1552,1460,1300
1553,1458,1300
1555,1457,1300
1557,1455,1300
1559,1454,1300
1561,1453,1300
1563,1452,1300
1566,1451,1300
1568,1450,1300
1571,1449,1300
1573,1449,1300
1576,1448,1300
1579,1448,1300
1582,1448,1300
1584,1448,1300
1587,1449,1300
1590,1449,1300
1593,1450,1300
1595,1450,1300
1598,1451,1300
1601,1452,1300
1603,1453,1300
1606,1455,1300
1609,1456,1300
1611,1458,1300
1613,1460,1300
1615,1461,1300
1617,1463,1300
1619,1465,1300
1621,1468,1300
1623,1470,1300
1625,1472,1300
1626,1475,1300
1627,1477,1300
1628,1480,1300
1629,1482,1300
1630,1485,1300
1631,1487,1300
1632,1490,1300
1632,1493,1300
1632,1495,1300
1632,1498,1300
1632,1501,1300
1632,1503,1300
1631,1506,1300
1631,1508,1300
1630,1511,1300
1629,1513,1300
1628,1515,1300
1627,1517,1300
1626,1520,1300
