73 1678 1418 1500 107.403373 61.197104
153 1678 1418 1500 107.341976 61.231974
228 1678 1418 1500 107.403373 61.125323
305 1678 1418 1500 107.294333 61.160146
385 1678 1418 1500 107.293079 61.203442
466 1678 1418 1500 107.359522 61.242545
554 1678 1418 1500 107.310635 61.158034
632 1678 1418 1500 107.403373 61.121104
711 1678 1418 1500 107.354509 61.199216
788 1678 1418 1500 107.340722 61.209781
867 1678 1418 1500 107.354509 61.127433
949 1678 1418 1500 107.309381 60.101848
1029 1678 1418 1500 107.354509 61.194991
1108 1678 1418 1500 107.383330 61.127433
1189 1678 1418 1500 107.395857 61.170702
1268 1678 1418 1500 107.419655 61.155923
1349 1678 1418 1500 107.432178 61.127433
1428 1678 1418 1500 107.354509 61.164368
1505 1678 1418 1500 107.293079 61.170702
1585 1678 1418 1500 107.403373 61.212951
1665 1678 1418 1500 107.321919 61.082092
1745 1678 1418 1500 107.250430 61.166479
1827 1678 1418 1500 107.294333 61.198160
1905 1678 1418 1500 107.424665 61.270041
1989 1678 1418 1500 107.354509 61.180205
2067 1678 1418 1500 107.354509 61.145370
2144 1678 1418 1500 107.293079 61.155923
