1390,1447,1500
1393,1449,1500
1396,1451,1500
1398,1452,1500
1401,1454,1500
1404,1455,1500
1404,1455,1500
1405,1458,1500
1405,1458,1500
1407,1460,1500
1409,1461,1500
1411,1463,1500
1413,1465,1500
1416,1467,1500
1418,1469,1500
1420,1471,1500
1420,1471,1500
1424,1471,1500
1428,1472,1500
1428,1472,1500
1431,1473,1500
1434,1474,1500
1438,1475,1500
1434,1477,1500
1438,1478,1500
1441,1479,1500
1445,1480,1500
1445,1480,1500
1447,1482,1500
1449,1484,1500
1452,1485,1500
1454,1487,1500
1456,1488,1500
1459,1490,1500
1459,1490,1500
1464,1496,1500
1466,1498,1500
1468,1500,1500
1470,1502,1500
1473,1503,1500
1475,1505,1500
1477,1507,1500
1479,1509,1500
1481,1510,1500
1483,1512,1500
1476,1507,1500
1479,1509,1500
1481,1511,1500
1483,1512,1500
1485,1518,1500
1489,1518,1500
1491,1520,1500
1492,1522,1500
1494,1525,1500
1495,1527,1500
1497,1530,1500
1498,1532,1500
1498,1532,1500
1501,1533,1500
1504,1534,1500
1506,1536,1500
1509,1537,1500
1512,1538,1500
1514,1539,1500
1514,1539,1500
1519,1539,1500
1523,1538,1500
1523,1538,1500
1526,1539,1500
1529,1540,1500
1531,1541,1500
1534,1542,1500
1536,1544,1500
1536,1544,1500
1536,1548,1500
1536,1552,1500
1536,1552,1500
1539,1553,1500
1541,1555,1500
1543,1556,1500
1546,1557,1500
1548,1559,1500
1548,1559,1500
1548,1563,1500
1548,1568,1500
1548,1568,1500
1549,1571,1500
1549,1571,1500
1548,1576,1500
1548,1576,1500
1550,1579,1500
1552,1581,1500
1553,1584,1500
1555,1586,1500
1557,1589,1500
1558,1591,1500
1558,1591,1500
1560,1594,1500
1561,1598,1500
1562,1601,1500
1563,1604,1500
1563,1604,1500
1565,1607,1500
1565,1607,1500
1566,1611,1500
1566,1611,1500
1568,1613,1500
1570,1616,1500
1571,1619,1500
1573,1621,1500
1575,1624,1500
1575,1624,1500
1577,1626,1500
1580,1627,1500
1582,1629,1500
1584,1631,1500
1586,1632,1500
1589,1634,1500
1591,1636,1500
1591,1636,1500
1590,1638,1500
1592,1641,1500
1594,1644,1500
1591,1644,1500
1594,1644,1500
1591,1644,1500
1592,1648,1500
1581,1646,1500
1584,1646,1500
1586,1647,1500
1589,1647,1500
1592,1648,1500
1565,1639,1500
1568,1641,1500
1570,1642,1500
1573,1644,1500
1575,1646,1500
1577,1647,1500
1580,1649,1500
1555,1635,1500
1557,1636,1500
1560,1637,1500
1563,1638,1500
1565,1639,1500
1549,1633,1500
1552,1634,1500
1555,1635,1500
1519,1611,1500
1522,1613,1500
1525,1614,1500
1527,1616,1500
1530,1617,1500
1532,1619,1500
1535,1620,1500
1504,1600,1500
1507,1602,1500
1509,1604,1500
1512,1606,1500
1514,1607,1500
1517,1609,1500
1519,1611,1500
1506,1604,1500
1503,1609,1500
1505,1612,1500
1507,1614,1500
1507,1614,1500
1510,1616,1500
1512,1618,1500
1512,1618,1500
1515,1620,1500
1518,1621,1500
1521,1623,1500
1523,1624,1500
1526,1626,1500
1526,1617,1500
1528,1621,1500
1548,1627,1500
1569,1645,1500
1572,1646,1500
1546,1600,1500
1548,1603,1500
1550,1605,1500
1534,1558,1500
1538,1559,1500
1541,1559,1500
1506,1540,1500
1504,1542,1500
1500,1547,1500
1498,1548,1500
1499,1552,1500
1441,1506,1500
1430,1511,1500
1418,1522,1500
1419,1525,1500
1421,1528,1500
1423,1530,1500
1425,1533,1500
1425,1533,1500
1427,1535,1500
1429,1537,1500
1431,1540,1500
1434,1542,1500
1436,1544,1500
1438,1547,1500
1441,1549,1500
1443,1551,1500
1443,1551,1500
1448,1556,1500
1453,1560,1500
1458,1564,1500
1463,1569,1500
1465,1571,1500
1467,1574,1500
1469,1576,1500
1471,1579,1500
1473,1582,1500
1476,1584,1500
1476,1584,1500
1478,1587,1500
1480,1590,1500
1482,1592,1500
1485,1595,1500
1487,1597,1500
1487,1597,1500
1492,1602,1500
1497,1606,1500
1499,1609,1500
1501,1611,1500
1493,1606,1500
1496,1609,1500
1498,1611,1500
1512,1620,1500
1514,1622,1500
1517,1625,1500
1519,1627,1500
1522,1629,1500
1524,1631,1500
1524,1631,1500
1527,1632,1500
1468,1568,1500
1469,1571,1500
1466,1565,1500
1468,1568,1500
1424,1537,1500
1427,1539,1500
1430,1541,1500
1400,1518,1500
1403,1520,1500
1405,1523,1500
1408,1525,1500
1411,1527,1500
1413,1529,1500
1416,1531,1500
1419,1533,1500
1421,1535,1500
1424,1537,1500
1393,1512,1500
1391,1512,1500
1376,1499,1500
1378,1501,1500
1381,1504,1500
1383,1506,1500
1385,1508,1500
1387,1511,1500
1390,1513,1500
1367,1493,1500
1370,1495,1500
1373,1497,1500
1376,1499,1500
1374,1487,1500
1367,1493,1500
1374,1487,1500
1379,1488,1500
1385,1489,1500
1385,1480,1500
1386,1473,1500
1385,1477,1500
1384,1480,1500
1393,1467,1500
1386,1473,1500
1393,1467,1500
1399,1467,1500
1391,1453,1500
1392,1455,1500
1394,1457,1500
1395,1460,1500
1396,1462,1500
1398,1464,1500
1399,1467,1500
1391,1453,1500
1394,1454,1500
1396,1456,1500
1399,1458,1500
1401,1459,1500
1401,1459,1500
1401,1462,1500
1401,1462,1500
1404,1464,1500
1406,1466,1500
1409,1468,1500
1399,1512,1500
1400,1515,1500
1402,1517,1500
1408,1528,1500
1411,1530,1500
1414,1533,1500
1416,1535,1500
1416,1535,1500
1379,1504,1500
1382,1506,1500
1385,1508,1500
1390,1447,1500
1393,1449,1500
1396,1451,1500
1398,1452,1500
1401,1454,1500
1404,1455,1500
1404,1455,1500
1405,1458,1500
1405,1458,1500
1407,1460,1500
1409,1461,1500
1411,1463,1500
1413,1465,1500
1416,1467,1500
1418,1469,1500
1420,1471,1500
1420,1471,1500
1424,1471,1500
1428,1472,1500
1428,1472,1500
1431,1473,1500
1434,1474,1500
1438,1475,1500
1434,1477,1500
1438,1478,1500
1441,1479,1500
1445,1480,1500
1445,1480,1500
1447,1482,1500
1449,1484,1500
1452,1485,1500
1454,1487,1500
1456,1488,1500
1459,1490,1500
1459,1490,1500
1464,1496,1500
1466,1498,1500
1468,1500,1500
1470,1502,1500
1473,1503,1500
1475,1505,1500
1477,1507,1500
1479,1509,1500
1481,1510,1500
1483,1512,1500
1476,1507,1500
1479,1509,1500
1481,1511,1500
1483,1512,1500
1485,1518,1500
1489,1518,1500
1491,1520,1500
1492,1522,1500
1494,1525,1500
1495,1527,1500
1497,1530,1500
1498,1532,1500
1498,1532,1500
1501,1533,1500
1504,1534,1500
1506,1536,1500
1509,1537,1500
1512,1538,1500
1514,1539,1500
1514,1539,1500
1519,1539,1500
1523,1538,1500
1523,1538,1500
1526,1539,1500
1529,1540,1500
1531,1541,1500
1534,1542,1500
1536,1544,1500
1536,1544,1500
1536,1548,1500
1536,1552,1500
1536,1552,1500
1539,1553,1500
1541,1555,1500
1543,1556,1500
1546,1557,1500
1548,1559,1500
1548,1559,1500
1548,1563,1500
1548,1568,1500
1548,1568,1500
1549,1571,1500
1549,1571,1500
1548,1576,1500
1548,1576,1500
1550,1579,1500
1552,1581,1500
1553,1584,1500
1555,1586,1500
1557,1589,1500
1558,1591,1500
1558,1591,1500
1560,1594,1500
1561,1598,1500
1562,1601,1500
1563,1604,1500
1563,1604,1500
1565,1607,1500
1565,1607,1500
1566,1611,1500
1566,1611,1500
1568,1613,1500
1570,1616,1500
1571,1619,1500
1573,1621,1500
1575,1624,1500
1575,1624,1500
1577,1626,1500
1580,1627,1500
1582,1629,1500
1584,1631,1500
1586,1632,1500
1589,1634,1500
1591,1636,1500
1591,1636,1500
1590,1638,1500
1592,1641,1500
1594,1644,1500
1591,1644,1500
1594,1644,1500
1591,1644,1500
1592,1648,1500
1581,1646,1500
1584,1646,1500
1586,1647,1500
1589,1647,1500
1592,1648,1500
1565,1639,1500
1568,1641,1500
1570,1642,1500
1573,1644,1500
1575,1646,1500
1577,1647,1500
1580,1649,1500
1555,1635,1500
1557,1636,1500
1560,1637,1500
1563,1638,1500
1565,1639,1500
1549,1633,1500
1552,1634,1500
1555,1635,1500
1519,1611,1500
1522,1613,1500
1525,1614,1500
1527,1616,1500
1530,1617,1500
1532,1619,1500
1535,1620,1500
1504,1600,1500
1507,1602,1500
1509,1604,1500
1512,1606,1500
1514,1607,1500
1517,1609,1500
1519,1611,1500
1506,1604,1500
1503,1609,1500
1505,1612,1500
1507,1614,1500
1507,1614,1500
1510,1616,1500
1512,1618,1500
1512,1618,1500
1515,1620,1500
1518,1621,1500
1521,1623,1500
1523,1624,1500
1526,1626,1500
1526,1617,1500
1528,1621,1500
1548,1627,1500
1569,1645,1500
1572,1646,1500
1546,1600,1500
1548,1603,1500
1550,1605,1500
1534,1558,1500
1536,1561,1500
1538,1563,1500
1534,1555,1500
1536,1556,1500
1538,1558,1500
1541,1559,1500
1506,1540,1500
1504,1542,1500
1500,1547,1500
1498,1548,1500
1499,1552,1500
1441,1506,1500
1430,1511,1500
1418,1522,1500
1419,1525,1500
1421,1528,1500
1423,1530,1500
1425,1533,1500
1425,1533,1500
1427,1535,1500
1429,1537,1500
1431,1540,1500
1434,1542,1500
1436,1544,1500
1438,1547,1500
1441,1549,1500
1443,1551,1500
1443,1551,1500
1448,1556,1500
1453,1560,1500
1458,1564,1500
1463,1569,1500
1465,1571,1500
1467,1574,1500
1469,1576,1500
1471,1579,1500
1473,1582,1500
1476,1584,1500
1476,1584,1500
1478,1587,1500
1480,1590,1500
1482,1592,1500
1485,1595,1500
1487,1597,1500
1487,1597,1500
1492,1602,1500
1497,1606,1500
1499,1609,1500
1501,1611,1500
1493,1606,1500
1496,1609,1500
1498,1611,1500
1512,1620,1500
1514,1622,1500
1517,1625,1500
1519,1627,1500
1522,1629,1500
1524,1631,1500
1524,1631,1500
1527,1632,1500
1468,1568,1500
1469,1571,1500
1466,1565,1500
1468,1568,1500
1424,1537,1500
1427,1539,1500
1430,1541,1500
1400,1518,1500
1403,1520,1500
1405,1523,1500
1408,1525,1500
1411,1527,1500
1413,1529,1500
1416,1531,1500
1419,1533,1500
1421,1535,1500
1424,1537,1500
1393,1512,1500
1391,1512,1500
1376,1499,1500
1378,1501,1500
1381,1504,1500
1383,1506,1500
1385,1508,1500
1387,1511,1500
1390,1513,1500
1367,1493,1500
1370,1495,1500
1373,1497,1500
1376,1499,1500
1374,1487,1500
1367,1493,1500
1374,1487,1500
1379,1488,1500
1385,1489,1500
1385,1480,1500
1386,1473,1500
1385,1477,1500
1384,1480,1500
1393,1467,1500
1386,1473,1500
1393,1467,1500
1399,1467,1500
1399,1467,1500
1403,1467,1500
1403,1467,1500
1409,1468,1500
1393,1452,1500
1395,1454,1500
1396,1456,1500
1398,1458,1500
1399,1461,1500
1393,1452,1500
1393,1455,1500
1394,1457,1500
1394,1460,1500
1394,1463,1500
1399,1512,1500
1400,1515,1500
1402,1517,1500
1408,1528,1500
1411,1530,1500
1414,1533,1500
1416,1535,1500
1416,1535,1500
1379,1504,1500
1382,1506,1500
1385,1508,1500
1390,1447,1500
1393,1449,1500
1396,1451,1500
1398,1452,1500
1401,1454,1500
1404,1455,1500
1404,1455,1500
1405,1458,1500
1405,1458,1500
1407,1460,1500
1409,1461,1500
1411,1463,1500
1413,1465,1500
1416,1467,1500
1418,1469,1500
1420,1471,1500
1420,1471,1500
1424,1471,1500
1428,1472,1500
1428,1472,1500
1431,1473,1500
1434,1474,1500
1438,1475,1500
1434,1477,1500
1438,1478,1500
1441,1479,1500
1445,1480,1500
1445,1480,1500
1447,1482,1500
1449,1484,1500
1452,1485,1500
1454,1487,1500
1456,1488,1500
1459,1490,1500
1459,1490,1500
1464,1496,1500
1466,1498,1500
1468,1500,1500
1470,1502,1500
1473,1503,1500
1475,1505,1500
1477,1507,1500
1479,1509,1500
1481,1510,1500
1483,1512,1500
1476,1507,1500
1479,1509,1500
1481,1511,1500
1483,1512,1500
1485,1518,1500
1489,1518,1500
1491,1520,1500
1492,1522,1500
1494,1525,1500
1495,1527,1500
1497,1530,1500
1498,1532,1500
1498,1532,1500
1501,1533,1500
1504,1534,1500
1506,1536,1500
1509,1537,1500
1512,1538,1500
1514,1539,1500
1514,1539,1500
1519,1539,1500
1523,1538,1500
1523,1538,1500
1526,1539,1500
1529,1540,1500
1531,1541,1500
1534,1542,1500
1536,1544,1500
1536,1544,1500
1536,1548,1500
1536,1552,1500
1536,1552,1500
1539,1553,1500
1541,1555,1500
1543,1556,1500
1546,1557,1500
1548,1559,1500
1548,1559,1500
1548,1563,1500
1548,1568,1500
1548,1568,1500
1549,1571,1500
1549,1571,1500
1548,1576,1500
1548,1576,1500
1550,1579,1500
1552,1581,1500
1553,1584,1500
1555,1586,1500
1557,1589,1500
1558,1591,1500
1558,1591,1500
1560,1594,1500
1561,1598,1500
1562,1601,1500
1563,1604,1500
1563,1604,1500
1565,1607,1500
1565,1607,1500
1566,1611,1500
1566,1611,1500
1568,1613,1500
1570,1616,1500
1571,1619,1500
1573,1621,1500
1575,1624,1500
1575,1624,1500
1577,1626,1500
1580,1627,1500
1582,1629,1500
1584,1631,1500
1586,1632,1500
1589,1634,1500
1591,1636,1500
1591,1636,1500
1590,1638,1500
1592,1641,1500
1594,1644,1500
1591,1644,1500
1594,1644,1500
1591,1644,1500
1592,1648,1500
1581,1646,1500
1584,1646,1500
1586,1647,1500
1589,1647,1500
1592,1648,1500
1565,1639,1500
1568,1641,1500
1570,1642,1500
1573,1644,1500
1575,1646,1500
1577,1647,1500
1580,1649,1500
1555,1635,1500
1557,1636,1500
1560,1637,1500
1563,1638,1500
1565,1639,1500
1549,1633,1500
1552,1634,1500
1555,1635,1500
1519,1611,1500
1522,1613,1500
1525,1614,1500
1527,1616,1500
1530,1617,1500
1532,1619,1500
1535,1620,1500
1504,1600,1500
1507,1602,1500
1509,1604,1500
1512,1606,1500
1514,1607,1500
1517,1609,1500
1519,1611,1500
1506,1604,1500
1503,1609,1500
1505,1612,1500
1507,1614,1500
1507,1614,1500
1510,1616,1500
1512,1618,1500
1512,1618,1500
1515,1620,1500
1518,1621,1500
1521,1623,1500
1523,1624,1500
1526,1626,1500
1526,1617,1500
1528,1621,1500
1548,1627,1500
1569,1645,1500
1572,1646,1500
1546,1600,1500
1548,1603,1500
1550,1605,1500
1534,1558,1500
1538,1559,1500
1541,1559,1500
1506,1540,1500
1504,1542,1500
1500,1547,1500
1498,1548,1500
1499,1552,1500
1441,1506,1500
1430,1511,1500
1418,1522,1500
1419,1525,1500
1421,1528,1500
1423,1530,1500
1425,1533,1500
1425,1533,1500
1427,1535,1500
1429,1537,1500
1431,1540,1500
1434,1542,1500
1436,1544,1500
1438,1547,1500
1441,1549,1500
1443,1551,1500
1443,1551,1500
1448,1556,1500
1453,1560,1500
1458,1564,1500
1463,1569,1500
1465,1571,1500
1467,1574,1500
1469,1576,1500
1471,1579,1500
1473,1582,1500
1476,1584,1500
1476,1584,1500
1478,1587,1500
1480,1590,1500
1482,1592,1500
1485,1595,1500
1487,1597,1500
1487,1597,1500
1492,1602,1500
1497,1606,1500
1499,1609,1500
1501,1611,1500
1493,1606,1500
1496,1609,1500
1498,1611,1500
1512,1620,1500
1514,1622,1500
1517,1625,1500
1519,1627,1500
1522,1629,1500
1524,1631,1500
1524,1631,1500
1527,1632,1500
1468,1568,1500
1469,1571,1500
1466,1565,1500
1468,1568,1500
1424,1537,1500
1427,1539,1500
1430,1541,1500
1400,1518,1500
1403,1520,1500
1405,1523,1500
1408,1525,1500
1411,1527,1500
1413,1529,1500
1416,1531,1500
1419,1533,1500
1421,1535,1500
1424,1537,1500
1393,1512,1500
1391,1512,1500
1376,1499,1500
1378,1501,1500
1381,1504,1500
1383,1506,1500
1385,1508,1500
1387,1511,1500
1390,1513,1500
1367,1493,1500
1370,1495,1500
1373,1497,1500
1376,1499,1500
1374,1487,1500
1367,1493,1500
1374,1487,1500
1379,1488,1500
1385,1489,1500
1385,1480,1500
1386,1473,1500
1385,1477,1500
1384,1480,1500
1393,1467,1500
1386,1473,1500
1393,1467,1500
1399,1467,1500
1391,1453,1500
1392,1455,1500
1394,1457,1500
1395,1460,1500
1396,1462,1500
1398,1464,1500
1399,1467,1500
1391,1453,1500
1394,1454,1500
1396,1456,1500
1399,1458,1500
1401,1459,1500
1401,1459,1500
1401,1462,1500
1401,1462,1500
1404,1464,1500
1406,1466,1500
1409,1468,1500
1399,1512,1500
1400,1515,1500
1402,1517,1500
1408,1528,1500
1411,1530,1500
1414,1533,1500
1416,1535,1500
1416,1535,1500
1379,1504,1500
1382,1506,1500
1385,1508,1500
1390,1447,1500
1393,1449,1500
1396,1451,1500
1398,1452,1500
1401,1454,1500
1404,1455,1500
1404,1455,1500
1405,1458,1500
1405,1458,1500
1407,1460,1500
1409,1461,1500
1411,1463,1500
1413,1465,1500
1416,1467,1500
1418,1469,1500
1420,1471,1500
1420,1471,1500
1424,1471,1500
1428,1472,1500
1428,1472,1500
1431,1473,1500
1434,1474,1500
1438,1475,1500
1434,1477,1500
1438,1478,1500
1441,1479,1500
1445,1480,1500
1445,1480,1500
1447,1482,1500
1449,1484,1500
1452,1485,1500
1454,1487,1500
1456,1488,1500
1459,1490,1500
1459,1490,1500
1464,1496,1500
1466,1498,1500
1468,1500,1500
1470,1502,1500
1473,1503,1500
1475,1505,1500
1477,1507,1500
1479,1509,1500
1481,1510,1500
1483,1512,1500
1476,1507,1500
1479,1509,1500
1481,1511,1500
1483,1512,1500
1485,1518,1500
1489,1518,1500
1491,1520,1500
1492,1522,1500
1494,1525,1500
1495,1527,1500
1497,1530,1500
1498,1532,1500
1498,1532,1500
1501,1533,1500
1504,1534,1500
1506,1536,1500
1509,1537,1500
1512,1538,1500
1514,1539,1500
1514,1539,1500
1519,1539,1500
1523,1538,1500
1523,1538,1500
1526,1539,1500
1529,1540,1500
1531,1541,1500
1534,1542,1500
1536,1544,1500
1536,1544,1500
1536,1548,1500
1536,1552,1500
1536,1552,1500
1539,1553,1500
1541,1555,1500
1543,1556,1500
1546,1557,1500
1548,1559,1500
1548,1559,1500
1548,1563,1500
1548,1568,1500
1548,1568,1500
1549,1571,1500
1549,1571,1500
1548,1576,1500
1548,1576,1500
1550,1579,1500
1552,1581,1500
1553,1584,1500
1555,1586,1500
1557,1589,1500
1558,1591,1500
1558,1591,1500
1560,1594,1500
1561,1598,1500
1562,1601,1500
1563,1604,1500
1563,1604,1500
1565,1607,1500
1565,1607,1500
1566,1611,1500
1566,1611,1500
1568,1613,1500
1570,1616,1500
1571,1619,1500
1573,1621,1500
1575,1624,1500
1575,1624,1500
1577,1626,1500
1580,1627,1500
1582,1629,1500
1584,1631,1500
1586,1632,1500
1589,1634,1500
1591,1636,1500
1591,1636,1500
1590,1638,1500
1592,1641,1500
1594,1644,1500
1591,1644,1500
1594,1644,1500
1591,1644,1500
1592,1648,1500
1581,1646,1500
1584,1646,1500
1586,1647,1500
1589,1647,1500
1592,1648,1500
1565,1639,1500
1568,1641,1500
1570,1642,1500
1573,1644,1500
1575,1646,1500
1577,1647,1500
1580,1649,1500
1555,1635,1500
1557,1636,1500
1560,1637,1500
1563,1638,1500
1565,1639,1500
1549,1633,1500
1552,1634,1500
1555,1635,1500
1519,1611,1500
1522,1613,1500
1525,1614,1500
1527,1616,1500
1530,1617,1500
1532,1619,1500
1535,1620,1500
1504,1600,1500
1507,1602,1500
1509,1604,1500
1512,1606,1500
1514,1607,1500
1517,1609,1500
1519,1611,1500
1506,1604,1500
1503,1609,1500
1505,1612,1500
1507,1614,1500
1507,1614,1500
1510,1616,1500
1512,1618,1500
1512,1618,1500
1515,1620,1500
1518,1621,1500
1521,1623,1500
1523,1624,1500
1526,1626,1500
1526,1617,1500
1528,1621,1500
1548,1627,1500
1569,1645,1500
1572,1646,1500
1546,1600,1500
1548,1603,1500
1550,1605,1500
1534,1558,1500
1538,1559,1500
1541,1559,1500
1506,1540,1500
1504,1542,1500
1500,1547,1500
1498,1548,1500
1499,1552,1500
1441,1506,1500
1430,1511,1500
1418,1522,1500
1419,1525,1500
1421,1528,1500
1423,1530,1500
1425,1533,1500
1425,1533,1500
1427,1535,1500
1429,1537,1500
1431,1540,1500
1434,1542,1500
1436,1544,1500
1438,1547,1500
1441,1549,1500
1443,1551,1500
1443,1551,1500
1448,1556,1500
1453,1560,1500
1458,1564,1500
1463,1569,1500
1465,1571,1500
1467,1574,1500
1469,1576,1500
1471,1579,1500
1473,1582,1500
1476,1584,1500
1476,1584,1500
1478,1587,1500
1480,1590,1500
1482,1592,1500
1485,1595,1500
1487,1597,1500
1487,1597,1500
1492,1602,1500
1497,1606,1500
1499,1609,1500
1501,1611,1500
1493,1606,1500
1496,1609,1500
1498,1611,1500
1512,1620,1500
1514,1622,1500
1517,1625,1500
1519,1627,1500
1522,1629,1500
1524,1631,1500
1524,1631,1500
1527,1632,1500
1468,1568,1500
1469,1571,1500
1466,1565,1500
1468,1568,1500
1424,1537,1500
1427,1539,1500
1430,1541,1500
1400,1518,1500
1403,1520,1500
1405,1523,1500
1408,1525,1500
1411,1527,1500
1413,1529,1500
1416,1531,1500
1419,1533,1500
1421,1535,1500
1424,1537,1500
1393,1512,1500
1391,1512,1500
1376,1499,1500
1378,1501,1500
1381,1504,1500
1383,1506,1500
1385,1508,1500
1387,1511,1500
1390,1513,1500
1367,1493,1500
1370,1495,1500
1373,1497,1500
1376,1499,1500
1374,1487,1500
1367,1493,1500
1374,1487,1500
1379,1488,1500
1385,1489,1500
1385,1480,1500
1386,1473,1500
1385,1477,1500
1384,1480,1500
1393,1467,1500
1386,1473,1500
1393,1467,1500
1399,1467,1500
1399,1467,1500
1403,1467,1500
1403,1467,1500
1409,1468,1500
1393,1452,1500
1395,1454,1500
1396,1456,1500
1398,1458,1500
1399,1461,1500
1393,1452,1500
1393,1455,1500
1394,1457,1500
1394,1460,1500
1394,1463,1500
1399,1512,1500
1400,1515,1500
1402,1517,1500
1408,1528,1500
1411,1530,1500
1414,1533,1500
1416,1535,1500
1416,1535,1500
1379,1504,1500
1382,1506,1500
1385,1508,1500
1390,1447,1500
1393,1449,1500
1396,1451,1500
1398,1452,1500
1401,1454,1500
1404,1455,1500
1404,1455,1500
1405,1458,1500
1405,1458,1500
1407,1460,1500
1409,1461,1500
1411,1463,1500
1413,1465,1500
1416,1467,1500
1418,1469,1500
1420,1471,1500
1420,1471,1500
1424,1471,1500
1428,1472,1500
1428,1472,1500
1431,1473,1500
1434,1474,1500
1438,1475,1500
1434,1477,1500
1438,1478,1500
1441,1479,1500
1445,1480,1500
1445,1480,1500
1447,1482,1500
1449,1484,1500
1452,1485,1500
1454,1487,1500
1456,1488,1500
1459,1490,1500
1459,1490,1500
1464,1496,1500
1466,1498,1500
1468,1500,1500
1470,1502,1500
1473,1503,1500
1475,1505,1500
1477,1507,1500
1479,1509,1500
1481,1510,1500
1483,1512,1500
1476,1507,1500
1479,1509,1500
1481,1511,1500
1483,1512,1500
1485,1518,1500
1489,1518,1500
1491,1520,1500
1492,1522,1500
1494,1525,1500
1495,1527,1500
1497,1530,1500
1498,1532,1500
1498,1532,1500
1501,1533,1500
1504,1534,1500
1506,1536,1500
1509,1537,1500
1512,1538,1500
1514,1539,1500
1514,1539,1500
1519,1539,1500
1523,1538,1500
1523,1538,1500
1526,1539,1500
1529,1540,1500
1531,1541,1500
1534,1542,1500
1536,1544,1500
1536,1544,1500
1536,1548,1500
1536,1552,1500
1536,1552,1500
1539,1553,1500
1541,1555,1500
1543,1556,1500
1546,1557,1500
1548,1559,1500
1548,1559,1500
1548,1563,1500
1548,1568,1500
1548,1568,1500
1549,1571,1500
1549,1571,1500
1548,1576,1500
1548,1576,1500
1550,1579,1500
1552,1581,1500
1553,1584,1500
1555,1586,1500
1557,1589,1500
1558,1591,1500
1558,1591,1500
1560,1594,1500
1561,1598,1500
1562,1601,1500
1563,1604,1500
1563,1604,1500
1565,1607,1500
1565,1607,1500
1566,1611,1500
1566,1611,1500
1568,1613,1500
1570,1616,1500
1571,1619,1500
1573,1621,1500
1575,1624,1500
1575,1624,1500
1577,1626,1500
1580,1627,1500
1582,1629,1500
1584,1631,1500
1586,1632,1500
1589,1634,1500
1591,1636,1500
1591,1636,1500
1590,1638,1500
1592,1641,1500
1594,1644,1500
1591,1644,1500
1594,1644,1500
1591,1644,1500
1592,1648,1500
1581,1646,1500
1584,1646,1500
1586,1647,1500
1589,1647,1500
1592,1648,1500
1565,1639,1500
1568,1641,1500
1570,1642,1500
1573,1644,1500
1575,1646,1500
1577,1647,1500
1580,1649,1500
1555,1635,1500
1557,1636,1500
1560,1637,1500
1563,1638,1500
1565,1639,1500
1548,1627,1500
1550,1630,1500
1553,1632,1500
1555,1635,1500
1535,1620,1500
1538,1622,1500
1540,1624,1500
1542,1626,1500
1545,1628,1500
1547,1630,1500
1519,1611,1500
1522,1613,1500
1525,1614,1500
1527,1616,1500
1530,1617,1500
1532,1619,1500
1535,1620,1500
1504,1600,1500
1507,1602,1500
1509,1604,1500
1512,1606,1500
1514,1607,1500
1517,1609,1500
1519,1611,1500
1506,1604,1500
1503,1609,1500
1505,1612,1500
1507,1614,1500
1507,1614,1500
1510,1616,1500
1512,1618,1500
1512,1618,1500
1515,1620,1500
1518,1621,1500
1521,1623,1500
1523,1624,1500
1526,1626,1500
1526,1617,1500
1528,1621,1500
1569,1645,1500
1572,1646,1500
1546,1600,1500
1548,1603,1500
1550,1605,1500
1534,1558,1500
1538,1559,1500
1541,1559,1500
1506,1540,1500
1504,1542,1500
1500,1547,1500
1498,1548,1500
1499,1552,1500
1441,1506,1500
1430,1511,1500
1418,1522,1500
1419,1525,1500
1421,1528,1500
1423,1530,1500
1425,1533,1500
1425,1533,1500
1427,1535,1500
1429,1537,1500
1431,1540,1500
1434,1542,1500
1436,1544,1500
1438,1547,1500
1441,1549,1500
1443,1551,1500
1443,1551,1500
1448,1556,1500
1453,1560,1500
1458,1564,1500
1463,1569,1500
1465,1571,1500
1467,1574,1500
1469,1576,1500
1471,1579,1500
1473,1582,1500
1476,1584,1500
1476,1584,1500
1478,1587,1500
1480,1590,1500
1482,1592,1500
1485,1595,1500
1487,1597,1500
1487,1597,1500
1492,1602,1500
1497,1606,1500
1499,1609,1500
1501,1611,1500
1493,1606,1500
1496,1609,1500
1498,1611,1500
1512,1620,1500
1514,1622,1500
1517,1625,1500
1519,1627,1500
1522,1629,1500
1524,1631,1500
1524,1631,1500
1527,1632,1500
1468,1568,1500
1469,1571,1500
1466,1565,1500
1468,1568,1500
1424,1537,1500
1427,1539,1500
1430,1541,1500
1400,1518,1500
1403,1520,1500
1405,1523,1500
1408,1525,1500
1411,1527,1500
1413,1529,1500
1416,1531,1500
1419,1533,1500
1421,1535,1500
1424,1537,1500
1393,1512,1500
1391,1512,1500
1376,1499,1500
1378,1501,1500
1381,1504,1500
1383,1506,1500
1385,1508,1500
1387,1511,1500
1390,1513,1500
1367,1493,1500
1370,1495,1500
1373,1497,1500
1376,1499,1500
1374,1487,1500
1367,1493,1500
1374,1487,1500
1379,1488,1500
1385,1489,1500
1385,1480,1500
1386,1473,1500
1385,1477,1500
1384,1480,1500
1393,1467,1500
1386,1473,1500
1393,1467,1500
1399,1467,1500
1391,1453,1500
1392,1455,1500
1394,1457,1500
1395,1460,1500
1396,1462,1500
1398,1464,1500
1399,1467,1500
1391,1453,1500
1394,1454,1500
1396,1456,1500
1399,1458,1500
1401,1459,1500
1401,1459,1500
1401,1462,1500
1401,1462,1500
1404,1464,1500
1406,1466,1500
1409,1468,1500
1399,1512,1500
1400,1515,1500
1402,1517,1500
1408,1528,1500
1411,1530,1500
1414,1533,1500
1416,1535,1500
1416,1535,1500
1379,1504,1500
1382,1506,1500
1385,1508,1500
1390,1447,1500
1393,1449,1500
1396,1451,1500
1398,1452,1500
1401,1454,1500
1404,1455,1500
1404,1455,1500
1405,1458,1500
1405,1458,1500
1407,1460,1500
1409,1461,1500
1411,1463,1500
1413,1465,1500
1416,1467,1500
1418,1469,1500
1420,1471,1500
1420,1471,1500
1424,1471,1500
1428,1472,1500
1428,1472,1500
1431,1473,1500
1434,1474,1500
1438,1475,1500
1434,1477,1500
1438,1478,1500
1441,1479,1500
1445,1480,1500
1445,1480,1500
1447,1482,1500
1449,1484,1500
1452,1485,1500
1454,1487,1500
1456,1488,1500
1459,1490,1500
1459,1490,1500
1464,1496,1500
1466,1498,1500
1468,1500,1500
1470,1502,1500
1473,1503,1500
1475,1505,1500
1477,1507,1500
1479,1509,1500
1481,1510,1500
1483,1512,1500
1476,1507,1500
1479,1509,1500
1481,1511,1500
1483,1512,1500
1485,1518,1500
1489,1518,1500
1491,1520,1500
1492,1522,1500
1494,1525,1500
1495,1527,1500
1497,1530,1500
1498,1532,1500
1498,1532,1500
1501,1533,1500
1504,1534,1500
1506,1536,1500
1509,1537,1500
1512,1538,1500
1514,1539,1500
1514,1539,1500
1519,1539,1500
1523,1538,1500
1523,1538,1500
1526,1539,1500
1529,1540,1500
1531,1541,1500
1534,1542,1500
1536,1544,1500
1536,1544,1500
1536,1548,1500
1536,1552,1500
1536,1552,1500
1539,1553,1500
1541,1555,1500
1543,1556,1500
1546,1557,1500
1548,1559,1500
1548,1559,1500
1548,1563,1500
1548,1568,1500
1548,1568,1500
1549,1571,1500
1549,1571,1500
1548,1576,1500
1548,1576,1500
1550,1579,1500
1552,1581,1500
1553,1584,1500
1555,1586,1500
1557,1589,1500
1558,1591,1500
1558,1591,1500
1560,1594,1500
1561,1598,1500
1562,1601,1500
1563,1604,1500
1563,1604,1500
1565,1607,1500
1565,1607,1500
1566,1611,1500
1566,1611,1500
1568,1613,1500
1570,1616,1500
1571,1619,1500
1573,1621,1500
1575,1624,1500
1575,1624,1500
1577,1626,1500
1580,1627,1500
1582,1629,1500
1584,1631,1500
1586,1632,1500
1589,1634,1500
1591,1636,1500
1591,1636,1500
1590,1638,1500
1592,1641,1500
1594,1644,1500
1591,1644,1500
1594,1644,1500
1591,1644,1500
1592,1648,1500
1581,1646,1500
1584,1646,1500
1586,1647,1500
1589,1647,1500
1592,1648,1500
1565,1639,1500
1568,1641,1500
1570,1642,1500
1573,1644,1500
1575,1646,1500
1577,1647,1500
1580,1649,1500
1555,1635,1500
1557,1636,1500
1560,1637,1500
1563,1638,1500
1565,1639,1500
1548,1627,1500
1550,1630,1500
1553,1632,1500
1555,1635,1500
1535,1620,1500
1538,1622,1500
1540,1624,1500
1542,1626,1500
1545,1628,1500
1547,1630,1500
1519,1611,1500
1522,1613,1500
1525,1614,1500
1527,1616,1500
1530,1617,1500
1532,1619,1500
1535,1620,1500
1504,1600,1500
1507,1602,1500
1509,1604,1500
1512,1606,1500
1514,1607,1500
1517,1609,1500
1519,1611,1500
1506,1604,1500
1503,1609,1500
1505,1612,1500
1507,1614,1500
1507,1614,1500
1510,1616,1500
1512,1618,1500
1512,1618,1500
1515,1620,1500
1518,1621,1500
1521,1623,1500
1523,1624,1500
1526,1626,1500
1526,1617,1500
1528,1621,1500
1569,1645,1500
1572,1646,1500
1546,1600,1500
1548,1603,1500
1550,1605,1500
1534,1558,1500
1536,1561,1500
1538,1563,1500
1534,1555,1500
1536,1556,1500
1538,1558,1500
1541,1559,1500
1506,1540,1500
1504,1542,1500
1500,1547,1500
1498,1548,1500
1499,1552,1500
1441,1506,1500
1430,1511,1500
1418,1522,1500
1419,1525,1500
1421,1528,1500
1423,1530,1500
1425,1533,1500
1425,1533,1500
1427,1535,1500
1429,1537,1500
1431,1540,1500
1434,1542,1500
1436,1544,1500
1438,1547,1500
1441,1549,1500
1443,1551,1500
1443,1551,1500
1448,1556,1500
1453,1560,1500
1458,1564,1500
1463,1569,1500
1465,1571,1500
1467,1574,1500
1469,1576,1500
1471,1579,1500
1473,1582,1500
1476,1584,1500
1476,1584,1500
1478,1587,1500
1480,1590,1500
1482,1592,1500
1485,1595,1500
1487,1597,1500
1487,1597,1500
1492,1602,1500
1497,1606,1500
1499,1609,1500
1501,1611,1500
1493,1606,1500
1496,1609,1500
1498,1611,1500
1512,1620,1500
1514,1622,1500
1517,1625,1500
1519,1627,1500
1522,1629,1500
1524,1631,1500
1524,1631,1500
1527,1632,1500
1468,1568,1500
1469,1571,1500
1466,1565,1500
1468,1568,1500
1424,1537,1500
1427,1539,1500
1430,1541,1500
1400,1518,1500
1403,1520,1500
1405,1523,1500
1408,1525,1500
1411,1527,1500
1413,1529,1500
1416,1531,1500
1419,1533,1500
1421,1535,1500
1424,1537,1500
1393,1512,1500
1391,1512,1500
1376,1499,1500
1378,1501,1500
1381,1504,1500
1383,1506,1500
1385,1508,1500
1387,1511,1500
1390,1513,1500
1367,1493,1500
1370,1495,1500
1373,1497,1500
1376,1499,1500
1374,1487,1500
1367,1493,1500
1374,1487,1500
1379,1488,1500
1385,1489,1500
1385,1480,1500
1386,1473,1500
1385,1477,1500
1384,1480,1500
1393,1467,1500
1386,1473,1500
1393,1467,1500
1399,1467,1500
1399,1467,1500
1403,1467,1500
1403,1467,1500
1409,1468,1500
1393,1452,1500
1395,1454,1500
1396,1456,1500
1398,1458,1500
1399,1461,1500
1393,1452,1500
1393,1455,1500
1394,1457,1500
1394,1460,1500
1394,1463,1500
1399,1512,1500
1400,1515,1500
1402,1517,1500
1408,1528,1500
1411,1530,1500
1414,1533,1500
1416,1535,1500
1416,1535,1500
1379,1504,1500
1382,1506,1500
1385,1508,1500
1390,1447,1500
1393,1449,1500
1396,1451,1500
1398,1452,1500
1401,1454,1500
1404,1455,1500
1404,1455,1500
1405,1458,1500
1405,1458,1500
1407,1460,1500
1409,1461,1500
1411,1463,1500
1413,1465,1500
1416,1467,1500
1418,1469,1500
1420,1471,1500
1420,1471,1500
1424,1471,1500
1428,1472,1500
1428,1472,1500
1431,1473,1500
1434,1474,1500
1438,1475,1500
1434,1477,1500
1438,1478,1500
1441,1479,1500
1445,1480,1500
1445,1480,1500
1447,1482,1500
1449,1484,1500
1452,1485,1500
1454,1487,1500
1456,1488,1500
1459,1490,1500
1459,1490,1500
1464,1496,1500
1466,1498,1500
1468,1500,1500
1470,1502,1500
1473,1503,1500
1475,1505,1500
1477,1507,1500
1479,1509,1500
1481,1510,1500
1483,1512,1500
1476,1507,1500
1479,1509,1500
1481,1511,1500
1483,1512,1500
1485,1518,1500
1489,1518,1500
1491,1520,1500
1492,1522,1500
1494,1525,1500
1495,1527,1500
1497,1530,1500
1498,1532,1500
1498,1532,1500
1501,1533,1500
1504,1534,1500
1506,1536,1500
1509,1537,1500
1512,1538,1500
1514,1539,1500
1514,1539,1500
1519,1539,1500
1523,1538,1500
1523,1538,1500
1526,1539,1500
1529,1540,1500
1531,1541,1500
1534,1542,1500
1536,1544,1500
1536,1544,1500
1536,1548,1500
1536,1552,1500
1536,1552,1500
1539,1553,1500
1541,1555,1500
1543,1556,1500
1546,1557,1500
1548,1559,1500
1548,1559,1500
1548,1563,1500
1548,1568,1500
1548,1568,1500
1549,1571,1500
1549,1571,1500
1548,1576,1500
1548,1576,1500
1550,1579,1500
1552,1581,1500
1553,1584,1500
1555,1586,1500
1557,1589,1500
1558,1591,1500
1558,1591,1500
1560,1594,1500
1561,1598,1500
1562,1601,1500
1563,1604,1500
1563,1604,1500
1565,1607,1500
1565,1607,1500
1566,1611,1500
1566,1611,1500
1568,1613,1500
1570,1616,1500
1571,1619,1500
1573,1621,1500
1575,1624,1500
1575,1624,1500
1577,1626,1500
1580,1627,1500
1582,1629,1500
1584,1631,1500
1586,1632,1500
1589,1634,1500
1591,1636,1500
1591,1636,1500
1590,1638,1500
1592,1641,1500
1594,1644,1500
1591,1644,1500
1594,1644,1500
1591,1644,1500
1592,1648,1500
1581,1646,1500
1584,1646,1500
1586,1647,1500
1589,1647,1500
1592,1648,1500
1565,1639,1500
1568,1641,1500
1570,1642,1500
1573,1644,1500
1575,1646,1500
1577,1647,1500
1580,1649,1500
1555,1635,1500
1557,1636,1500
1560,1637,1500
1563,1638,1500
1565,1639,1500
1549,1633,1500
1552,1634,1500
1555,1635,1500
1519,1611,1500
1522,1613,1500
1525,1614,1500
1527,1616,1500
1530,1617,1500
1532,1619,1500
1535,1620,1500
1504,1600,1500
1507,1602,1500
1509,1604,1500
1512,1606,1500
1514,1607,1500
1517,1609,1500
1519,1611,1500
1506,1604,1500
1503,1609,1500
1505,1612,1500
1507,1614,1500
1507,1614,1500
1510,1616,1500
1512,1618,1500
1512,1618,1500
1515,1620,1500
1518,1621,1500
1521,1623,1500
1523,1624,1500
1526,1626,1500
1526,1617,1500
1528,1621,1500
1548,1627,1500
1569,1645,1500
1572,1646,1500
1546,1600,1500
1548,1603,1500
1550,1605,1500
1534,1558,1500
1536,1561,1500
1538,1563,1500
1534,1555,1500
1536,1556,1500
1538,1558,1500
1541,1559,1500
1506,1540,1500
1504,1542,1500
1500,1547,1500
1498,1548,1500
1499,1552,1500
1441,1506,1500
1430,1511,1500
1418,1522,1500
1419,1525,1500
1421,1528,1500
1423,1530,1500
1425,1533,1500
1425,1533,1500
1427,1535,1500
1429,1537,1500
1431,1540,1500
1434,1542,1500
1436,1544,1500
1438,1547,1500
1441,1549,1500
1443,1551,1500
1443,1551,1500
1448,1556,1500
1453,1560,1500
1458,1564,1500
1463,1569,1500
1465,1571,1500
1467,1574,1500
1469,1576,1500
1471,1579,1500
1473,1582,1500
1476,1584,1500
1476,1584,1500
1478,1587,1500
1480,1590,1500
1482,1592,1500
1485,1595,1500
1487,1597,1500
1487,1597,1500
1492,1602,1500
1497,1606,1500
1499,1609,1500
1501,1611,1500
1493,1606,1500
1496,1609,1500
1498,1611,1500
1512,1620,1500
1514,1622,1500
1517,1625,1500
1519,1627,1500
1522,1629,1500
1524,1631,1500
1524,1631,1500
1527,1632,1500
1468,1568,1500
1469,1571,1500
1466,1565,1500
1468,1568,1500
1424,1537,1500
1427,1539,1500
1430,1541,1500
1400,1518,1500
1403,1520,1500
1405,1523,1500
1408,1525,1500
1411,1527,1500
1413,1529,1500
1416,1531,1500
1419,1533,1500
1421,1535,1500
1424,1537,1500
1393,1512,1500
1391,1512,1500
1376,1499,1500
1378,1501,1500
1381,1504,1500
1383,1506,1500
1385,1508,1500
1387,1511,1500
1390,1513,1500
1367,1493,1500
1370,1495,1500
1373,1497,1500
1376,1499,1500
1374,1487,1500
1367,1493,1500
1374,1487,1500
1379,1488,1500
1385,1489,1500
1385,1480,1500
1386,1473,1500
1385,1477,1500
1384,1480,1500
1393,1467,1500
1386,1473,1500
1393,1467,1500
1399,1467,1500
1391,1453,1500
1392,1455,1500
1394,1457,1500
1395,1460,1500
1396,1462,1500
1398,1464,1500
1399,1467,1500
1391,1453,1500
1394,1454,1500
1396,1456,1500
1399,1458,1500
1401,1459,1500
1401,1459,1500
1401,1462,1500
1401,1462,1500
1404,1464,1500
1406,1466,1500
1409,1468,1500
1399,1512,1500
1400,1515,1500
1402,1517,1500
1408,1528,1500
1411,1530,1500
1414,1533,1500
1416,1535,1500
1416,1535,1500
1379,1504,1500
1382,1506,1500
1385,1508,1500
